     -12623
        172
      10185
      34308
       5426
      -1060
      -1302
      20489
       -509
      -6394
      -8307
     -14157
       1424
     -48826
      13625
       2714
     -16041
     -32322
     -28310
       7906
      25849
      31262
     -16869
     -27846
     -18794
     -76163
      20411
      85386
     -32127
     -34463
       9976
     -34861
      -3160
     -42797
      14115
      -3867
      -8698
      40908
     -13964
     -47645
      13823
      47249
     -48156
     -39134
      -2778
       2231
     -43885
      28534
      57670
      22152
     -24335
     -69572
      47631
     -16994
     -15216
      31562
      -4766
      30955
       9724
      36159
     -21762
     -29290
     -42574
      77076
      -7005
     -15497
     -28180
      80245
     -78648
     -52090
      15311
      72620
     -37621
      20664
      14809
      50047
     -41713
     -38048
     -17601
      58004
     -26271
      20317
        493
      40049
     -32914
     -67855
     -44481
        177
      65178
     -11907
      77196
      70194
      64903
     -24127
     -20280
      23022
      47539
     -27741
     -16234
       8896
      74670
     -54059
     -11703
      14863
      80644
     -29391
     -51553
      29047
      88436
     -26324
     -47438
      -9725
       6857
      24203
     -26315
     -12361
      62724
      52890
     -18532
     -28513
      11811
      56799
      -6869
      -3243
     -23733
      61868
     -24216
        806
      25482
      41228
     -24425
     -62421
      39755
      38031
     -30229
      13279
        962
      -1936
      -9617
      12606
      72748
      15995
     -31361
      19340
     -93274
      30433
        767
     -11061
      12272
       8017
     -41491
      -8220
     -84711
      14048
     -19890
      -9621
      40388
      52180
      -5973
     -22845
     -25304
      -8689
     -18187
      24618
       -923
      -7749
      13716
      13016
     -24306
      27755
        728
       1604
      35650
      62143
       9644
      32701
       6005
       5916
      26754
     -13135
       3181
     -41319
      30110
       9214
      17712
      40446
      36999
     -49528
     -41162
      20334
      27499
     -39587
     -72172
      33455
      46895
      -9976
     -87640
      31065
      52703
      12309
     -91735
      35744
       -268
     -20156
     -77044
      33535
     -13247
     -12080
     -50518
      34778
      16105
      42779
       8498
     -13852
       1017
      -4279
     -48275
     -43638
       5912
    -100739
      16047
     -35839
       4055
     -57064
       -434
     -48310
      20898
     -42060
      10347
     -38836
       5207
      73994
     -11886
     -40966
      40298
      56297
      26140
      22368
     -35377
       9736
      39291
      35019
     -64579
      40099
      16702
      26754
     -69570
      32669
      -5003
      22645
     -15744
       8420
      27716
      13404
     -41311
      21937
      -5824
      25545
     -21929
      31399
     -14168
      45809
     -24905
      29480
      -9664
     -21216
     -13947
      46237
     -28664
     -55727
        925
      41037
      -9848
      -7749
      15132
      60964
     -56922
     -90481
     -29174
      71835
     -30016
      15320
     -17945
      28330
     -12009
      12408
      25706
     -81238
     -14951
      18373
     -21702
     -57883
     -30322
       -185
     -14367
     -60888
     -20554
      -5176
       7769
     -15072
     -10470
      10407
       2382
     -38983
     -21710
      35744
       3567
     -95763
     -33895
      49494
       1638
      47537
       1298
     -21202
      21011
     -26354
      -1728
      14524
     -11955
     -71879
     -17761
      38644
     -26371
     -45674
       4500
      38195
     -52222
     -10375
       5568
      42649
     -35680
     -48370
     -22992
      10856
     -21120
      19453
     -67474
       7019
      38951
      -5450
       4420
       6585
      31477
     -31209
     -26506
      55802
      59171
     -37397
      27333
      55030
      -4524
      11606
     -15765
      32220
      -2221
      -6134
      -5169
      34012
      13735
     -60457
      64209
      38678
     -21183
     -45803
      11514
      86126
      30581
     -60883
      38669
     -26715
       4682
     -48310
       4402
      47801
      38019
     -51258
      11503
      -4019
      22189
     -56671
      22086
      -3300
       7426
     -49795
      14889
      28661
      23092
      19973
      11547
       8065
     -70866
       5133
      27659
     -26040
      21319
       7368
      23609
       1498
     -36730
      20111
       8997
      -7203
      36215
      -3612
      19904
      -5444
     -14535
      -3618
      19093
      13522
      13036
      85148
      60754
     -16078
     -15170
      21227
      66125
       5807
       7737
     -55897
      54978
      40138
       1650
     -31916
      71849
      13042
       7053
      -1585
      52672
      41141
     -47896
      -5397
      80273
      -6993
     -18563
      -6034
      23828
      50872
      -7607
       7441
      39992
      26100
      16600
       2402
      -4997
      -6306
      15962
     -22843
     -75180
      37769
      31672
     -33282
      55826
      21549
       5113
      11469
      17843
      -4866
      30188
     -16538
     -27808
      74376
      98250
     -20223
      35094
      60435
      47190
     -23102
      41363
       2543
       5824
     -21308
      51142
     -68304
      17820
      18226
      -9470
      46395
      66034
     -22412
     -12779
      17713
      84265
      -4075
      10459
     -12623
        172
      10185
      34308
       5426
      -1060
      -1302
      20489
       -509
      -6394
      -8307
     -14157
       1424
     -48826
      13625
       2714
     -16041
     -32322
     -28310
       7906
      25849
      31262
     -16869
     -27846
     -18794
     -76163
      20411
      85386
     -32127
     -34463
       9976
     -34861
      -3160
     -42797
      14115
      -3867
      -8698
      40908
     -13964
     -47645
      13823
      47249
     -48156
     -39134
      -2778
       2231
     -43885
      28534
      57670
      22152
     -24335
     -69572
      47631
     -16994
     -15216
      31562
      -4766
      30955
       9724
      36159
     -21762
     -29290
     -42574
      77076
      -7005
     -15497
     -28180
      80245
     -78648
     -52090
      15311
      72620
     -37621
      20664
      14809
      50047
     -41713
     -38048
     -17601
      58004
     -26271
      20317
        493
      40049
     -32914
     -67855
     -44481
        177
      65178
     -11907
      77196
      70194
      64903
     -24127
     -20280
      23022
      47539
     -27741
     -16234
       8896
      74670
     -54059
     -11703
      14863
      80644
     -29391
     -51553
      29047
      88436
     -26324
     -47438
      -9725
       6857
      24203
     -26315
     -12361
      62724
      52890
     -18532
     -28513
      11811
      56799
      -6869
      -3243
     -23733
      61868
     -24216
        806
      25482
      41228
     -24425
     -62421
      39755
      38031
     -30229
      13279
        962
      -1936
      -9617
      12606
      72748
      15995
     -31361
      19340
     -93274
      30433
        767
     -11061
      12272
       8017
     -41491
      -8220
     -84711
      14048
     -19890
      -9621
      40388
      52180
      -5973
     -22845
     -25304
      -8689
     -18187
      24618
       -923
      -7749
      13716
      13016
     -24306
      27755
        728
       1604
      35650
      62143
       9644
      32701
       6005
       5916
      26754
     -13135
       3181
     -41319
      30110
       9214
      17712
      40446
      36999
     -49528
     -41162
      20334
      27499
     -39587
     -72172
      33455
      46895
      -9976
     -87640
      31065
      52703
      12309
     -91735
      35744
       -268
     -20156
     -77044
      33535
     -13247
     -12080
     -50518
      34778
      16105
      42779
       8498
     -13852
       1017
      -4279
     -48275
     -43638
       5912
    -100739
      16047
     -35839
       4055
     -57064
       -434
     -48310
      20898
     -42060
      10347
     -38836
       5207
      73994
     -11886
     -40966
      40298
      56297
      26140
      22368
     -35377
       9736
      39291
      35019
     -64579
      40099
      16702
      26754
     -69570
      32669
      -5003
      22645
     -15744
       8420
      27716
      13404
     -41311
      21937
      -5824
      25545
     -21929
      31399
     -14168
      45809
     -24905
      29480
      -9664
     -21216
     -13947
      46237
     -28664
     -55727
        925
      41037
      -9848
      -7749
      15132
      60964
     -56922
     -90481
     -29174
      71835
     -30016
      15320
     -17945
      28330
     -12009
      12408
      25706
     -81238
     -14951
      18373
     -21702
     -57883
     -30322
       -185
     -14367
     -60888
     -20554
      -5176
       7769
     -15072
     -10470
      10407
       2382
     -38983
     -21710
      35744
       3567
     -95763
     -33895
      49494
       1638
      47537
       1298
     -21202
      21011
     -26354
      -1728
      14524
     -11955
     -71879
     -17761
      38644
     -26371
     -45674
       4500
      38195
     -52222
     -10375
       5568
      42649
     -35680
     -48370
     -22992
      10856
     -21120
      19453
     -67474
       7019
      38951
      -5450
       4420
       6585
      31477
     -31209
     -26506
      55802
      59171
     -37397
      27333
      55030
      -4524
      11606
     -15765
      32220
      -2221
      -6134
      -5169
      34012
      13735
     -60457
      64209
      38678
     -21183
     -45803
      11514
      86126
      30581
     -60883
      38669
     -26715
       4682
     -48310
       4402
      47801
      38019
     -51258
      11503
      -4019
      22189
     -56671
      22086
      -3300
       7426
     -49795
      14889
      28661
      23092
      19973
      11547
       8065
     -70866
       5133
      27659
     -26040
      21319
       7368
      23609
       1498
     -36730
      20111
       8997
      -7203
      36215
      -3612
      19904
      -5444
     -14535
      -3618
      19093
      13522
      13036
      85148
      60754
     -16078
     -15170
      21227
      66125
       5807
       7737
     -55897
      54978
      40138
       1650
     -31916
      71849
      13042
       7053
      -1585
      52672
      41141
     -47896
      -5397
      80273
      -6993
     -18563
      -6034
      23828
      50872
      -7607
       7441
      39992
      26100
      16600
       2402
      -4997
      -6306
      15962
     -22843
     -75180
      37769
      31672
     -33282
      55826
      21549
       5113
      11469
      17843
      -4866
      30188
     -16538
     -27808
      74376
      98250
     -20223
      35094
      60435
      47190
     -23102
      41363
       2543
       5824
     -21308
      51142
     -68304
      17820
      18226
      -9470
      46395
      66034
     -22412
     -12779
      17713
      84265
      -4075
      10459
     -12623
        172
      10185
      34308
       5426
      -1060
      -1302
      20489
       -509
      -6394
      -8307
     -14157
       1424
     -48826
      13625
       2714
     -16041
     -32322
     -28310
       7906
      25849
      31262
     -16869
     -27846
     -18794
     -76163
      20411
      85386
     -32127
     -34463
       9976
     -34861
      -3160
     -42797
      14115
      -3867
      -8698
      40908
     -13964
     -47645
      13823
      47249
     -48156
     -39134
      -2778
       2231
     -43885
      28534
      57670
      22152
     -24335
     -69572
      47631
     -16994
     -15216
      31562
      -4766
      30955
       9724
      36159
     -21762
     -29290
     -42574
      77076
      -7005
     -15497
     -28180
      80245
     -78648
     -52090
      15311
      72620
     -37621
      20664
      14809
      50047
     -41713
     -38048
     -17601
      58004
     -26271
      20317
        493
      40049
     -32914
     -67855
     -44481
        177
      65178
     -11907
      77196
      70194
      64903
     -24127
     -20280
      23022
      47539
     -27741
     -16234
       8896
      74670
     -54059
     -11703
      14863
      80644
     -29391
     -51553
      29047
      88436
     -26324
     -47438
      -9725
       6857
      24203
     -26315
     -12361
      62724
      52890
     -18532
     -28513
      11811
      56799
      -6869
      -3243
     -23733
      61868
     -24216
        806
      25482
      41228
     -24425
     -62421
      39755
      38031
     -30229
      13279
        962
      -1936
      -9617
      12606
      72748
      15995
     -31361
      19340
     -93274
      30433
        767
     -11061
      12272
       8017
     -41491
      -8220
     -84711
      14048
     -19890
      -9621
      40388
      52180
      -5973
     -22845
     -25304
      -8689
     -18187
      24618
       -923
      -7749
      13716
      13016
     -24306
      27755
        728
       1604
      35650
      62143
       9644
      32701
       6005
       5916
      26754
     -13135
       3181
     -41319
      30110
       9214
      17712
      40446
      36999
     -49528
     -41162
      20334
      27499
     -39587
     -72172
      33455
      46895
      -9976
     -87640
      31065
      52703
      12309
     -91735
      35744
       -268
     -20156
     -77044
      33535
     -13247
     -12080
     -50518
      34778
      16105
      42779
       8498
     -13852
       1017
      -4279
     -48275
     -43638
       5912
    -100739
      16047
     -35839
       4055
     -57064
       -434
     -48310
      20898
     -42060
      10347
     -38836
       5207
      73994
     -11886
     -40966
      40298
      56297
      26140
      22368
     -35377
       9736
      39291
      35019
     -64579
      40099
      16702
      26754
     -69570
      32669
      -5003
      22645
     -15744
       8420
      27716
      13404
     -41311
      21937
      -5824
      25545
     -21929
      31399
     -14168
      45809
     -24905
      29480
      -9664
     -21216
     -13947
      46237
     -28664
     -55727
        925
      41037
      -9848
      -7749
      15132
      60964
     -56922
     -90481
     -29174
      71835
     -30016
      15320
     -17945
      28330
     -12009
      12408
      25706
     -81238
     -14951
      18373
     -21702
     -57883
     -30322
       -185
     -14367
     -60888
     -20554
      -5176
       7769
     -15072
     -10470
      10407
       2382
     -38983
     -21710
      35744
       3567
     -95763
     -33895
      49494
       1638
      47537
       1298
     -21202
      21011
     -26354
      -1728
      14524
     -11955
     -71879
     -17761
      38644
     -26371
     -45674
       4500
      38195
     -52222
     -10375
       5568
      42649
     -35680
     -48370
     -22992
      10856
     -21120
      19453
     -67474
       7019
      38951
      -5450
       4420
       6585
      31477
     -31209
     -26506
      55802
      59171
     -37397
      27333
      55030
      -4524
      11606
     -15765
      32220
      -2221
      -6134
      -5169
      34012
      13735
     -60457
      64209
      38678
     -21183
     -45803
      11514
      86126
      30581
     -60883
      38669
     -26715
       4682
     -48310
       4402
      47801
      38019
     -51258
      11503
      -4019
      22189
     -56671
      22086
      -3300
       7426
     -49795
      14889
      28661
      23092
      19973
      11547
       8065
     -70866
       5133
      27659
     -26040
      21319
       7368
      23609
       1498
     -36730
      20111
       8997
      -7203
      36215
      -3612
      19904
      -5444
     -14535
      -3618
      19093
      13522
      13036
      85148
      60754
     -16078
     -15170
      21227
      66125
       5807
       7737
     -55897
      54978
      40138
       1650
     -31916
      71849
      13042
       7053
      -1585
      52672
      41141
     -47896
      -5397
      80273
      -6993
     -18563
      -6034
      23828
      50872
      -7607
       7441
      39992
      26100
      16600
       2402
      -4997
      -6306
      15962
     -22843
     -75180
      37769
      31672
     -33282
      55826
      21549
       5113
      11469
      17843
      -4866
      30188
     -16538
     -27808
      74376
      98250
     -20223
      35094
      60435
      47190
     -23102
      41363
       2543
       5824
     -21308
      51142
     -68304
      17820
      18226
      -9470
      46395
      66034
     -22412
     -12779
      17713
      84265
      -4075
      10459
     -12623
        172
      10185
      34308
       5426
      -1060
      -1302
      20489
       -509
      -6394
      -8307
     -14157
       1424
     -48826
      13625
       2714
     -16041
     -32322
     -28310
       7906
      25849
      31262
     -16869
     -27846
     -18794
     -76163
      20411
      85386
     -32127
     -34463
       9976
     -34861
      -3160
     -42797
      14115
      -3867
      -8698
      40908
     -13964
     -47645
      13823
      47249
     -48156
     -39134
      -2778
       2231
     -43885
      28534
      57670
      22152
     -24335
     -69572
      47631
     -16994
     -15216
      31562
      -4766
      30955
       9724
      36159
     -21762
     -29290
     -42574
      77076
      -7005
     -15497
     -28180
      80245
     -78648
     -52090
      15311
      72620
     -37621
      20664
      14809
      50047
     -41713
     -38048
     -17601
      58004
     -26271
      20317
        493
      40049
     -32914
     -67855
     -44481
        177
      65178
     -11907
      77196
      70194
      64903
     -24127
     -20280
      23022
      47539
     -27741
     -16234
       8896
      74670
     -54059
     -11703
      14863
      80644
     -29391
     -51553
      29047
      88436
     -26324
     -47438
      -9725
       6857
      24203
     -26315
     -12361
      62724
      52890
     -18532
     -28513
      11811
      56799
      -6869
      -3243
     -23733
      61868
     -24216
        806
      25482
      41228
     -24425
     -62421
      39755
      38031
     -30229
      13279
        962
      -1936
      -9617
      12606
      72748
      15995
     -31361
      19340
     -93274
      30433
        767
     -11061
      12272
       8017
     -41491
      -8220
     -84711
      14048
     -19890
      -9621
      40388
      52180
      -5973
     -22845
     -25304
      -8689
     -18187
      24618
       -923
      -7749
      13716
      13016
     -24306
      27755
        728
       1604
      35650
      62143
       9644
      32701
       6005
       5916
      26754
     -13135
       3181
     -41319
      30110
       9214
      17712
      40446
      36999
     -49528
     -41162
      20334
      27499
     -39587
     -72172
      33455
      46895
      -9976
     -87640
      31065
      52703
      12309
     -91735
      35744
       -268
     -20156
     -77044
      33535
     -13247
     -12080
     -50518
      34778
      16105
      42779
       8498
     -13852
       1017
      -4279
     -48275
     -43638
       5912
    -100739
      16047
     -35839
       4055
     -57064
       -434
     -48310
      20898
     -42060
      10347
     -38836
       5207
      73994
     -11886
     -40966
      40298
      56297
      26140
      22368
     -35377
       9736
      39291
      35019
     -64579
      40099
      16702
      26754
     -69570
      32669
      -5003
      22645
     -15744
       8420
      27716
      13404
     -41311
      21937
      -5824
      25545
     -21929
      31399
     -14168
      45809
     -24905
      29480
      -9664
     -21216
     -13947
      46237
     -28664
     -55727
        925
      41037
      -9848
      -7749
      15132
      60964
     -56922
     -90481
     -29174
      71835
     -30016
      15320
     -17945
      28330
     -12009
      12408
      25706
     -81238
     -14951
      18373
     -21702
     -57883
     -30322
       -185
     -14367
     -60888
     -20554
      -5176
       7769
     -15072
     -10470
      10407
       2382
     -38983
     -21710
      35744
       3567
     -95763
     -33895
      49494
       1638
      47537
       1298
     -21202
      21011
     -26354
      -1728
      14524
     -11955
     -71879
     -17761
      38644
     -26371
     -45674
       4500
      38195
     -52222
     -10375
       5568
      42649
     -35680
     -48370
     -22992
      10856
     -21120
      19453
     -67474
       7019
      38951
      -5450
       4420
       6585
      31477
     -31209
     -26506
      55802
      59171
     -37397
      27333
      55030
      -4524
      11606
     -15765
      32220
      -2221
      -6134
      -5169
      34012
      13735
     -60457
      64209
      38678
     -21183
     -45803
      11514
      86126
      30581
     -60883
      38669
     -26715
       4682
     -48310
       4402
      47801
      38019
     -51258
      11503
      -4019
      22189
     -56671
      22086
      -3300
       7426
     -49795
      14889
      28661
      23092
      19973
      11547
       8065
     -70866
       5133
      27659
     -26040
      21319
       7368
      23609
       1498
     -36730
      20111
       8997
      -7203
      36215
      -3612
      19904
      -5444
     -14535
      -3618
      19093
      13522
      13036
      85148
      60754
     -16078
     -15170
      21227
      66125
       5807
       7737
     -55897
      54978
      40138
       1650
     -31916
      71849
      13042
       7053
      -1585
      52672
      41141
     -47896
      -5397
      80273
      -6993
     -18563
      -6034
      23828
      50872
      -7607
       7441
      39992
      26100
      16600
       2402
      -4997
      -6306
      15962
     -22843
     -75180
      37769
      31672
     -33282
      55826
      21549
       5113
      11469
      17843
      -4866
      30188
     -16538
     -27808
      74376
      98250
     -20223
      35094
      60435
      47190
     -23102
      41363
       2543
       5824
     -21308
      51142
     -68304
      17820
      18226
      -9470
      46395
      66034
     -22412
     -12779
      17713
      84265
      -4075
      10459
     -12623
        172
      10185
      34308
       5426
      -1060
      -1302
      20489
       -509
      -6394
      -8307
     -14157
       1424
     -48826
      13625
       2714
     -16041
     -32322
     -28310
       7906
      25849
      31262
     -16869
     -27846
     -18794
     -76163
      20411
      85386
     -32127
     -34463
       9976
     -34861
      -3160
     -42797
      14115
      -3867
      -8698
      40908
     -13964
     -47645
      13823
      47249
     -48156
     -39134
      -2778
       2231
     -43885
      28534
      57670
      22152
     -24335
     -69572
      47631
     -16994
     -15216
      31562
      -4766
      30955
       9724
      36159
     -21762
     -29290
     -42574
      77076
      -7005
     -15497
     -28180
      80245
     -78648
     -52090
      15311
      72620
     -37621
      20664
      14809
      50047
     -41713
     -38048
     -17601
      58004
     -26271
      20317
        493
      40049
     -32914
     -67855
     -44481
        177
      65178
     -11907
      77196
      70194
      64903
     -24127
     -20280
      23022
      47539
     -27741
     -16234
       8896
      74670
     -54059
     -11703
      14863
      80644
     -29391
     -51553
      29047
      88436
     -26324
     -47438
      -9725
       6857
      24203
     -26315
     -12361
      62724
      52890
     -18532
     -28513
      11811
      56799
      -6869
      -3243
     -23733
      61868
     -24216
        806
      25482
      41228
     -24425
     -62421
      39755
      38031
     -30229
      13279
        962
      -1936
      -9617
      12606
      72748
      15995
     -31361
      19340
     -93274
      30433
        767
     -11061
      12272
       8017
     -41491
      -8220
     -84711
      14048
     -19890
      -9621
      40388
      52180
      -5973
     -22845
     -25304
      -8689
     -18187
      24618
       -923
      -7749
      13716
      13016
     -24306
      27755
        728
       1604
      35650
      62143
       9644
      32701
       6005
       5916
      26754
     -13135
       3181
     -41319
      30110
       9214
      17712
      40446
      36999
     -49528
     -41162
      20334
      27499
     -39587
     -72172
      33455
      46895
      -9976
     -87640
      31065
      52703
      12309
     -91735
      35744
       -268
     -20156
     -77044
      33535
     -13247
     -12080
     -50518
      34778
      16105
      42779
       8498
     -13852
       1017
      -4279
     -48275
     -43638
       5912
    -100739
      16047
     -35839
       4055
     -57064
       -434
     -48310
      20898
     -42060
      10347
     -38836
       5207
      73994
     -11886
     -40966
      40298
      56297
      26140
      22368
     -35377
       9736
      39291
      35019
     -64579
      40099
      16702
      26754
     -69570
      32669
      -5003
      22645
     -15744
       8420
      27716
      13404
     -41311
      21937
      -5824
      25545
     -21929
      31399
     -14168
      45809
     -24905
      29480
      -9664
     -21216
     -13947
      46237
     -28664
     -55727
        925
      41037
      -9848
      -7749
      15132
      60964
     -56922
     -90481
     -29174
      71835
     -30016
      15320
     -17945
      28330
     -12009
      12408
      25706
     -81238
     -14951
      18373
     -21702
     -57883
     -30322
       -185
     -14367
     -60888
     -20554
      -5176
       7769
     -15072
     -10470
      10407
       2382
     -38983
     -21710
      35744
       3567
     -95763
     -33895
      49494
       1638
      47537
       1298
     -21202
      21011
     -26354
      -1728
      14524
     -11955
     -71879
     -17761
      38644
     -26371
     -45674
       4500
      38195
     -52222
     -10375
       5568
      42649
     -35680
     -48370
     -22992
      10856
     -21120
      19453
     -67474
       7019
      38951
      -5450
       4420
       6585
      31477
     -31209
     -26506
      55802
      59171
     -37397
      27333
      55030
      -4524
      11606
     -15765
      32220
      -2221
      -6134
      -5169
      34012
      13735
     -60457
      64209
      38678
     -21183
     -45803
      11514
      86126
      30581
     -60883
      38669
     -26715
       4682
     -48310
       4402
      47801
      38019
     -51258
      11503
      -4019
      22189
     -56671
      22086
      -3300
       7426
     -49795
      14889
      28661
      23092
      19973
      11547
       8065
     -70866
       5133
      27659
     -26040
      21319
       7368
      23609
       1498
     -36730
      20111
       8997
      -7203
      36215
      -3612
      19904
      -5444
     -14535
      -3618
      19093
      13522
      13036
      85148
      60754
     -16078
     -15170
      21227
      66125
       5807
       7737
     -55897
      54978
      40138
       1650
     -31916
      71849
      13042
       7053
      -1585
      52672
      41141
     -47896
      -5397
      80273
      -6993
     -18563
      -6034
      23828
      50872
      -7607
       7441
      39992
      26100
      16600
       2402
      -4997
      -6306
      15962
     -22843
     -75180
      37769
      31672
     -33282
      55826
      21549
       5113
      11469
      17843
      -4866
      30188
     -16538
     -27808
      74376
      98250
     -20223
      35094
      60435
      47190
     -23102
      41363
       2543
       5824
     -21308
      51142
     -68304
      17820
      18226
      -9470
      46395
      66034
     -22412
     -12779
      17713
      84265
      -4075
      10459
     -12623
        172
      10185
      34308
       5426
      -1060
      -1302
      20489
       -509
      -6394
      -8307
     -14157
       1424
     -48826
      13625
       2714
     -16041
     -32322
     -28310
       7906
      25849
      31262
     -16869
     -27846
     -18794
     -76163
      20411
      85386
     -32127
     -34463
       9976
     -34861
      -3160
     -42797
      14115
      -3867
      -8698
      40908
     -13964
     -47645
      13823
      47249
     -48156
     -39134
      -2778
       2231
     -43885
      28534
      57670
      22152
     -24335
     -69572
      47631
     -16994
     -15216
      31562
      -4766
      30955
       9724
      36159
     -21762
     -29290
     -42574
      77076
      -7005
     -15497
     -28180
      80245
     -78648
     -52090
      15311
      72620
     -37621
      20664
      14809
      50047
     -41713
     -38048
     -17601
      58004
     -26271
      20317
        493
      40049
     -32914
     -67855
     -44481
        177
      65178
     -11907
      77196
      70194
      64903
     -24127
     -20280
      23022
      47539
     -27741
     -16234
       8896
      74670
     -54059
     -11703
      14863
      80644
     -29391
     -51553
      29047
      88436
     -26324
     -47438
      -9725
       6857
      24203
     -26315
     -12361
      62724
      52890
     -18532
     -28513
      11811
      56799
      -6869
      -3243
     -23733
      61868
     -24216
        806
      25482
      41228
     -24425
     -62421
      39755
      38031
     -30229
      13279
        962
      -1936
      -9617
      12606
      72748
      15995
     -31361
      19340
     -93274
      30433
        767
     -11061
      12272
       8017
     -41491
      -8220
     -84711
      14048
     -19890
      -9621
      40388
      52180
      -5973
     -22845
     -25304
      -8689
     -18187
      24618
       -923
      -7749
      13716
      13016
     -24306
      27755
        728
       1604
      35650
      62143
       9644
      32701
       6005
       5916
      26754
     -13135
       3181
     -41319
      30110
       9214
      17712
      40446
      36999
     -49528
     -41162
      20334
      27499
     -39587
     -72172
      33455
      46895
      -9976
     -87640
      31065
      52703
      12309
     -91735
      35744
       -268
     -20156
     -77044
      33535
     -13247
     -12080
     -50518
      34778
      16105
      42779
       8498
     -13852
       1017
      -4279
     -48275
     -43638
       5912
    -100739
      16047
     -35839
       4055
     -57064
       -434
     -48310
      20898
     -42060
      10347
     -38836
       5207
      73994
     -11886
     -40966
      40298
      56297
      26140
      22368
     -35377
       9736
      39291
      35019
     -64579
      40099
      16702
      26754
     -69570
      32669
      -5003
      22645
     -15744
       8420
      27716
      13404
     -41311
      21937
      -5824
      25545
     -21929
      31399
     -14168
      45809
     -24905
      29480
      -9664
     -21216
     -13947
      46237
     -28664
     -55727
        925
      41037
      -9848
      -7749
      15132
      60964
     -56922
     -90481
     -29174
      71835
     -30016
      15320
     -17945
      28330
     -12009
      12408
      25706
     -81238
     -14951
      18373
     -21702
     -57883
     -30322
       -185
     -14367
     -60888
     -20554
      -5176
       7769
     -15072
     -10470
      10407
       2382
     -38983
     -21710
      35744
       3567
     -95763
     -33895
      49494
       1638
      47537
       1298
     -21202
      21011
     -26354
      -1728
      14524
     -11955
     -71879
     -17761
      38644
     -26371
     -45674
       4500
      38195
     -52222
     -10375
       5568
      42649
     -35680
     -48370
     -22992
      10856
     -21120
      19453
     -67474
       7019
      38951
      -5450
       4420
       6585
      31477
     -31209
     -26506
      55802
      59171
     -37397
      27333
      55030
      -4524
      11606
     -15765
      32220
      -2221
      -6134
      -5169
      34012
      13735
     -60457
      64209
      38678
     -21183
     -45803
      11514
      86126
      30581
     -60883
      38669
     -26715
       4682
     -48310
       4402
      47801
      38019
     -51258
      11503
      -4019
      22189
     -56671
      22086
      -3300
       7426
     -49795
      14889
      28661
      23092
      19973
      11547
       8065
     -70866
       5133
      27659
     -26040
      21319
       7368
      23609
       1498
     -36730
      20111
       8997
      -7203
      36215
      -3612
      19904
      -5444
     -14535
      -3618
      19093
      13522
      13036
      85148
      60754
     -16078
     -15170
      21227
      66125
       5807
       7737
     -55897
      54978
      40138
       1650
     -31916
      71849
      13042
       7053
      -1585
      52672
      41141
     -47896
      -5397
      80273
      -6993
     -18563
      -6034
      23828
      50872
      -7607
       7441
      39992
      26100
      16600
       2402
      -4997
      -6306
      15962
     -22843
     -75180
      37769
      31672
     -33282
      55826
      21549
       5113
      11469
      17843
      -4866
      30188
     -16538
     -27808
      74376
      98250
     -20223
      35094
      60435
      47190
     -23102
      41363
       2543
       5824
     -21308
      51142
     -68304
      17820
      18226
      -9470
      46395
      66034
     -22412
     -12779
      17713
      84265
      -4075
      10459
     -12623
        172
      10185
      34308
       5426
      -1060
      -1302
      20489
       -509
      -6394
      -8307
     -14157
       1424
     -48826
      13625
       2714
     -16041
     -32322
     -28310
       7906
      25849
      31262
     -16869
     -27846
     -18794
     -76163
      20411
      85386
     -32127
     -34463
       9976
     -34861
      -3160
     -42797
      14115
      -3867
      -8698
      40908
     -13964
     -47645
      13823
      47249
     -48156
     -39134
      -2778
       2231
     -43885
      28534
      57670
      22152
     -24335
     -69572
      47631
     -16994
     -15216
      31562
      -4766
      30955
       9724
      36159
     -21762
     -29290
     -42574
      77076
      -7005
     -15497
     -28180
      80245
     -78648
     -52090
      15311
      72620
     -37621
      20664
      14809
      50047
     -41713
     -38048
     -17601
      58004
     -26271
      20317
        493
      40049
     -32914
     -67855
     -44481
        177
      65178
     -11907
      77196
      70194
      64903
     -24127
     -20280
      23022
      47539
     -27741
     -16234
       8896
      74670
     -54059
     -11703
      14863
      80644
     -29391
     -51553
      29047
      88436
     -26324
     -47438
      -9725
       6857
      24203
     -26315
     -12361
      62724
      52890
     -18532
     -28513
      11811
      56799
      -6869
      -3243
     -23733
      61868
     -24216
        806
      25482
      41228
     -24425
     -62421
      39755
      38031
     -30229
      13279
        962
      -1936
      -9617
      12606
      72748
      15995
     -31361
      19340
     -93274
      30433
        767
     -11061
      12272
       8017
     -41491
      -8220
     -84711
      14048
     -19890
      -9621
      40388
      52180
      -5973
     -22845
     -25304
      -8689
     -18187
      24618
       -923
      -7749
      13716
      13016
     -24306
      27755
        728
       1604
      35650
      62143
       9644
      32701
       6005
       5916
      26754
     -13135
       3181
     -41319
      30110
       9214
      17712
      40446
      36999
     -49528
     -41162
      20334
      27499
     -39587
     -72172
      33455
      46895
      -9976
     -87640
      31065
      52703
      12309
     -91735
      35744
       -268
     -20156
     -77044
      33535
     -13247
     -12080
     -50518
      34778
      16105
      42779
       8498
     -13852
       1017
      -4279
     -48275
     -43638
       5912
    -100739
      16047
     -35839
       4055
     -57064
       -434
     -48310
      20898
     -42060
      10347
     -38836
       5207
      73994
     -11886
     -40966
      40298
      56297
      26140
      22368
     -35377
       9736
      39291
      35019
     -64579
      40099
      16702
      26754
     -69570
      32669
      -5003
      22645
     -15744
       8420
      27716
      13404
     -41311
      21937
      -5824
      25545
     -21929
      31399
     -14168
      45809
     -24905
      29480
      -9664
     -21216
     -13947
      46237
     -28664
     -55727
        925
      41037
      -9848
      -7749
      15132
      60964
     -56922
     -90481
     -29174
      71835
     -30016
      15320
     -17945
      28330
     -12009
      12408
      25706
     -81238
     -14951
      18373
     -21702
     -57883
     -30322
       -185
     -14367
     -60888
     -20554
      -5176
       7769
     -15072
     -10470
      10407
       2382
     -38983
     -21710
      35744
       3567
     -95763
     -33895
      49494
       1638
      47537
       1298
     -21202
      21011
     -26354
      -1728
      14524
     -11955
     -71879
     -17761
      38644
     -26371
     -45674
       4500
      38195
     -52222
     -10375
       5568
      42649
     -35680
     -48370
     -22992
      10856
     -21120
      19453
     -67474
       7019
      38951
      -5450
       4420
       6585
      31477
     -31209
     -26506
      55802
      59171
     -37397
      27333
      55030
      -4524
      11606
     -15765
      32220
      -2221
      -6134
      -5169
      34012
      13735
     -60457
      64209
      38678
     -21183
     -45803
      11514
      86126
      30581
     -60883
      38669
     -26715
       4682
     -48310
       4402
      47801
      38019
     -51258
      11503
      -4019
      22189
     -56671
      22086
      -3300
       7426
     -49795
      14889
      28661
      23092
      19973
      11547
       8065
     -70866
       5133
      27659
     -26040
      21319
       7368
      23609
       1498
     -36730
      20111
       8997
      -7203
      36215
      -3612
      19904
      -5444
     -14535
      -3618
      19093
      13522
      13036
      85148
      60754
     -16078
     -15170
      21227
      66125
       5807
       7737
     -55897
      54978
      40138
       1650
     -31916
      71849
      13042
       7053
      -1585
      52672
      41141
     -47896
      -5397
      80273
      -6993
     -18563
      -6034
      23828
      50872
      -7607
       7441
      39992
      26100
      16600
       2402
      -4997
      -6306
      15962
     -22843
     -75180
      37769
      31672
     -33282
      55826
      21549
       5113
      11469
      17843
      -4866
      30188
     -16538
     -27808
      74376
      98250
     -20223
      35094
      60435
      47190
     -23102
      41363
       2543
       5824
     -21308
      51142
     -68304
      17820
      18226
      -9470
      46395
      66034
     -22412
     -12779
      17713
      84265
      -4075
      10459
     -12623
        172
      10185
      34308
       5426
      -1060
      -1302
      20489
       -509
      -6394
      -8307
     -14157
       1424
     -48826
      13625
       2714
     -16041
     -32322
     -28310
       7906
      25849
      31262
     -16869
     -27846
     -18794
     -76163
      20411
      85386
     -32127
     -34463
       9976
     -34861
      -3160
     -42797
      14115
      -3867
      -8698
      40908
     -13964
     -47645
      13823
      47249
     -48156
     -39134
      -2778
       2231
     -43885
      28534
      57670
      22152
     -24335
     -69572
      47631
     -16994
     -15216
      31562
      -4766
      30955
       9724
      36159
     -21762
     -29290
     -42574
      77076
      -7005
     -15497
     -28180
      80245
     -78648
     -52090
      15311
      72620
     -37621
      20664
      14809
      50047
     -41713
     -38048
     -17601
      58004
     -26271
      20317
        493
      40049
     -32914
     -67855
     -44481
        177
      65178
     -11907
      77196
      70194
      64903
     -24127
     -20280
      23022
      47539
     -27741
     -16234
       8896
      74670
     -54059
     -11703
      14863
      80644
     -29391
     -51553
      29047
      88436
     -26324
     -47438
      -9725
       6857
      24203
     -26315
     -12361
      62724
      52890
     -18532
     -28513
      11811
      56799
      -6869
      -3243
     -23733
      61868
     -24216
        806
      25482
      41228
     -24425
     -62421
      39755
      38031
     -30229
      13279
        962
      -1936
      -9617
      12606
      72748
      15995
     -31361
      19340
     -93274
      30433
        767
     -11061
      12272
       8017
     -41491
      -8220
     -84711
      14048
     -19890
      -9621
      40388
      52180
      -5973
     -22845
     -25304
      -8689
     -18187
      24618
       -923
      -7749
      13716
      13016
     -24306
      27755
        728
       1604
      35650
      62143
       9644
      32701
       6005
       5916
      26754
     -13135
       3181
     -41319
      30110
       9214
      17712
      40446
      36999
     -49528
     -41162
      20334
      27499
     -39587
     -72172
      33455
      46895
      -9976
     -87640
      31065
      52703
      12309
     -91735
      35744
       -268
     -20156
     -77044
      33535
     -13247
     -12080
     -50518
      34778
      16105
      42779
       8498
     -13852
       1017
      -4279
     -48275
     -43638
       5912
    -100739
      16047
     -35839
       4055
     -57064
       -434
     -48310
      20898
     -42060
      10347
     -38836
       5207
      73994
     -11886
     -40966
      40298
      56297
      26140
      22368
     -35377
       9736
      39291
      35019
     -64579
      40099
      16702
      26754
     -69570
      32669
      -5003
      22645
     -15744
       8420
      27716
      13404
     -41311
      21937
      -5824
      25545
     -21929
      31399
     -14168
      45809
     -24905
      29480
      -9664
     -21216
     -13947
      46237
     -28664
     -55727
        925
      41037
      -9848
      -7749
      15132
      60964
     -56922
     -90481
     -29174
      71835
     -30016
      15320
     -17945
      28330
     -12009
      12408
      25706
     -81238
     -14951
      18373
     -21702
     -57883
     -30322
       -185
     -14367
     -60888
     -20554
      -5176
       7769
     -15072
     -10470
      10407
       2382
     -38983
     -21710
      35744
       3567
     -95763
     -33895
      49494
       1638
      47537
       1298
     -21202
      21011
     -26354
      -1728
      14524
     -11955
     -71879
     -17761
      38644
     -26371
     -45674
       4500
      38195
     -52222
     -10375
       5568
      42649
     -35680
     -48370
     -22992
      10856
     -21120
      19453
     -67474
       7019
      38951
      -5450
       4420
       6585
      31477
     -31209
     -26506
      55802
      59171
     -37397
      27333
      55030
      -4524
      11606
     -15765
      32220
      -2221
      -6134
      -5169
      34012
      13735
     -60457
      64209
      38678
     -21183
     -45803
      11514
      86126
      30581
     -60883
      38669
     -26715
       4682
     -48310
       4402
      47801
      38019
     -51258
      11503
      -4019
      22189
     -56671
      22086
      -3300
       7426
     -49795
      14889
      28661
      23092
      19973
      11547
       8065
     -70866
       5133
      27659
     -26040
      21319
       7368
      23609
       1498
     -36730
      20111
       8997
      -7203
      36215
      -3612
      19904
      -5444
     -14535
      -3618
      19093
      13522
      13036
      85148
      60754
     -16078
     -15170
      21227
      66125
       5807
       7737
     -55897
      54978
      40138
       1650
     -31916
      71849
      13042
       7053
      -1585
      52672
      41141
     -47896
      -5397
      80273
      -6993
     -18563
      -6034
      23828
      50872
      -7607
       7441
      39992
      26100
      16600
       2402
      -4997
      -6306
      15962
     -22843
     -75180
      37769
      31672
     -33282
      55826
      21549
       5113
      11469
      17843
      -4866
      30188
     -16538
     -27808
      74376
      98250
     -20223
      35094
      60435
      47190
     -23102
      41363
       2543
       5824
     -21308
      51142
     -68304
      17820
      18226
      -9470
      46395
      66034
     -22412
     -12779
      17713
      84265
      -4075
      10459
     -12623
        172
      10185
      34308
       5426
      -1060
      -1302
      20489
       -509
      -6394
      -8307
     -14157
       1424
     -48826
      13625
       2714
     -16041
     -32322
     -28310
       7906
      25849
      31262
     -16869
     -27846
     -18794
     -76163
      20411
      85386
     -32127
     -34463
       9976
     -34861
      -3160
     -42797
      14115
      -3867
      -8698
      40908
     -13964
     -47645
      13823
      47249
     -48156
     -39134
      -2778
       2231
     -43885
      28534
      57670
      22152
     -24335
     -69572
      47631
     -16994
     -15216
      31562
      -4766
      30955
       9724
      36159
     -21762
     -29290
     -42574
      77076
      -7005
     -15497
     -28180
      80245
     -78648
     -52090
      15311
      72620
     -37621
      20664
      14809
      50047
     -41713
     -38048
     -17601
      58004
     -26271
      20317
        493
      40049
     -32914
     -67855
     -44481
        177
      65178
     -11907
      77196
      70194
      64903
     -24127
     -20280
      23022
      47539
     -27741
     -16234
       8896
      74670
     -54059
     -11703
      14863
      80644
     -29391
     -51553
      29047
      88436
     -26324
     -47438
      -9725
       6857
      24203
     -26315
     -12361
      62724
      52890
     -18532
     -28513
      11811
      56799
      -6869
      -3243
     -23733
      61868
     -24216
        806
      25482
      41228
     -24425
     -62421
      39755
      38031
     -30229
      13279
        962
      -1936
      -9617
      12606
      72748
      15995
     -31361
      19340
     -93274
      30433
        767
     -11061
      12272
       8017
     -41491
      -8220
     -84711
      14048
     -19890
      -9621
      40388
      52180
      -5973
     -22845
     -25304
      -8689
     -18187
      24618
       -923
      -7749
      13716
      13016
     -24306
      27755
        728
       1604
      35650
      62143
       9644
      32701
       6005
       5916
      26754
     -13135
       3181
     -41319
      30110
       9214
      17712
      40446
      36999
     -49528
     -41162
      20334
      27499
     -39587
     -72172
      33455
      46895
      -9976
     -87640
      31065
      52703
      12309
     -91735
      35744
       -268
     -20156
     -77044
      33535
     -13247
     -12080
     -50518
      34778
      16105
      42779
       8498
     -13852
       1017
      -4279
     -48275
     -43638
       5912
    -100739
      16047
     -35839
       4055
     -57064
       -434
     -48310
      20898
     -42060
      10347
     -38836
       5207
      73994
     -11886
     -40966
      40298
      56297
      26140
      22368
     -35377
       9736
      39291
      35019
     -64579
      40099
      16702
      26754
     -69570
      32669
      -5003
      22645
     -15744
       8420
      27716
      13404
     -41311
      21937
      -5824
      25545
     -21929
      31399
     -14168
      45809
     -24905
      29480
      -9664
     -21216
     -13947
      46237
     -28664
     -55727
        925
      41037
      -9848
      -7749
      15132
      60964
     -56922
     -90481
     -29174
      71835
     -30016
      15320
     -17945
      28330
     -12009
      12408
      25706
     -81238
     -14951
      18373
     -21702
     -57883
     -30322
       -185
     -14367
     -60888
     -20554
      -5176
       7769
     -15072
     -10470
      10407
       2382
     -38983
     -21710
      35744
       3567
     -95763
     -33895
      49494
       1638
      47537
       1298
     -21202
      21011
     -26354
      -1728
      14524
     -11955
     -71879
     -17761
      38644
     -26371
     -45674
       4500
      38195
     -52222
     -10375
       5568
      42649
     -35680
     -48370
     -22992
      10856
     -21120
      19453
     -67474
       7019
      38951
      -5450
       4420
       6585
      31477
     -31209
     -26506
      55802
      59171
     -37397
      27333
      55030
      -4524
      11606
     -15765
      32220
      -2221
      -6134
      -5169
      34012
      13735
     -60457
      64209
      38678
     -21183
     -45803
      11514
      86126
      30581
     -60883
      38669
     -26715
       4682
     -48310
       4402
      47801
      38019
     -51258
      11503
      -4019
      22189
     -56671
      22086
      -3300
       7426
     -49795
      14889
      28661
      23092
      19973
      11547
       8065
     -70866
       5133
      27659
     -26040
      21319
       7368
      23609
       1498
     -36730
      20111
       8997
      -7203
      36215
      -3612
      19904
      -5444
     -14535
      -3618
      19093
      13522
      13036
      85148
      60754
     -16078
     -15170
      21227
      66125
       5807
       7737
     -55897
      54978
      40138
       1650
     -31916
      71849
      13042
       7053
      -1585
      52672
      41141
     -47896
      -5397
      80273
      -6993
     -18563
      -6034
      23828
      50872
      -7607
       7441
      39992
      26100
      16600
       2402
      -4997
      -6306
      15962
     -22843
     -75180
      37769
      31672
     -33282
      55826
      21549
       5113
      11469
      17843
      -4866
      30188
     -16538
     -27808
      74376
      98250
     -20223
      35094
      60435
      47190
     -23102
      41363
       2543
       5824
     -21308
      51142
     -68304
      17820
      18226
      -9470
      46395
      66034
     -22412
     -12779
      17713
      84265
      -4075
      10459
     -12623
        172
      10185
      34308
       5426
      -1060
      -1302
      20489
       -509
      -6394
      -8307
     -14157
       1424
     -48826
      13625
       2714
     -16041
     -32322
     -28310
       7906
      25849
      31262
     -16869
     -27846
     -18794
     -76163
      20411
      85386
     -32127
     -34463
       9976
     -34861
      -3160
     -42797
      14115
      -3867
      -8698
      40908
     -13964
     -47645
      13823
      47249
     -48156
     -39134
      -2778
       2231
     -43885
      28534
      57670
      22152
     -24335
     -69572
      47631
     -16994
     -15216
      31562
      -4766
      30955
       9724
      36159
     -21762
     -29290
     -42574
      77076
      -7005
     -15497
     -28180
      80245
     -78648
     -52090
      15311
      72620
     -37621
      20664
      14809
      50047
     -41713
     -38048
     -17601
      58004
     -26271
      20317
        493
      40049
     -32914
     -67855
     -44481
        177
      65178
     -11907
      77196
      70194
      64903
     -24127
     -20280
      23022
      47539
     -27741
     -16234
       8896
      74670
     -54059
     -11703
      14863
      80644
     -29391
     -51553
      29047
      88436
     -26324
     -47438
      -9725
       6857
      24203
     -26315
     -12361
      62724
      52890
     -18532
     -28513
      11811
      56799
      -6869
      -3243
     -23733
      61868
     -24216
        806
      25482
      41228
     -24425
     -62421
      39755
      38031
     -30229
      13279
        962
      -1936
      -9617
      12606
      72748
      15995
     -31361
      19340
     -93274
      30433
        767
     -11061
      12272
       8017
     -41491
      -8220
     -84711
      14048
     -19890
      -9621
      40388
      52180
      -5973
     -22845
     -25304
      -8689
     -18187
      24618
       -923
      -7749
      13716
      13016
     -24306
      27755
        728
       1604
      35650
      62143
       9644
      32701
       6005
       5916
      26754
     -13135
       3181
     -41319
      30110
       9214
      17712
      40446
      36999
     -49528
     -41162
      20334
      27499
     -39587
     -72172
      33455
      46895
      -9976
     -87640
      31065
      52703
      12309
     -91735
      35744
       -268
     -20156
     -77044
      33535
     -13247
     -12080
     -50518
      34778
      16105
      42779
       8498
     -13852
       1017
      -4279
     -48275
     -43638
       5912
    -100739
      16047
     -35839
       4055
     -57064
       -434
     -48310
      20898
     -42060
      10347
     -38836
       5207
      73994
     -11886
     -40966
      40298
      56297
      26140
      22368
     -35377
       9736
      39291
      35019
     -64579
      40099
      16702
      26754
     -69570
      32669
      -5003
      22645
     -15744
       8420
      27716
      13404
     -41311
      21937
      -5824
      25545
     -21929
      31399
     -14168
      45809
     -24905
      29480
      -9664
     -21216
     -13947
      46237
     -28664
     -55727
        925
      41037
      -9848
      -7749
      15132
      60964
     -56922
     -90481
     -29174
      71835
     -30016
      15320
     -17945
      28330
     -12009
      12408
      25706
     -81238
     -14951
      18373
     -21702
     -57883
     -30322
       -185
     -14367
     -60888
     -20554
      -5176
       7769
     -15072
     -10470
      10407
       2382
     -38983
     -21710
      35744
       3567
     -95763
     -33895
      49494
       1638
      47537
       1298
     -21202
      21011
     -26354
      -1728
      14524
     -11955
     -71879
     -17761
      38644
     -26371
     -45674
       4500
      38195
     -52222
     -10375
       5568
      42649
     -35680
     -48370
     -22992
      10856
     -21120
      19453
     -67474
       7019
      38951
      -5450
       4420
       6585
      31477
     -31209
     -26506
      55802
      59171
     -37397
      27333
      55030
      -4524
      11606
     -15765
      32220
      -2221
      -6134
      -5169
      34012
      13735
     -60457
      64209
      38678
     -21183
     -45803
      11514
      86126
      30581
     -60883
      38669
     -26715
       4682
     -48310
       4402
      47801
      38019
     -51258
      11503
      -4019
      22189
     -56671
      22086
      -3300
       7426
     -49795
      14889
      28661
      23092
      19973
      11547
       8065
     -70866
       5133
      27659
     -26040
      21319
       7368
      23609
       1498
     -36730
      20111
       8997
      -7203
      36215
      -3612
      19904
      -5444
     -14535
      -3618
      19093
      13522
      13036
      85148
      60754
     -16078
     -15170
      21227
      66125
       5807
       7737
     -55897
      54978
      40138
       1650
     -31916
      71849
      13042
       7053
      -1585
      52672
      41141
     -47896
      -5397
      80273
      -6993
     -18563
      -6034
      23828
      50872
      -7607
       7441
      39992
      26100
      16600
       2402
      -4997
      -6306
      15962
     -22843
     -75180
      37769
      31672
     -33282
      55826
      21549
       5113
      11469
      17843
      -4866
      30188
     -16538
     -27808
      74376
      98250
     -20223
      35094
      60435
      47190
     -23102
      41363
       2543
       5824
     -21308
      51142
     -68304
      17820
      18226
      -9470
      46395
      66034
     -22412
     -12779
      17713
      84265
      -4075
      10459
     -12623
        172
      10185
      34308
       5426
      -1060
      -1302
      20489
       -509
      -6394
      -8307
     -14157
       1424
     -48826
      13625
       2714
     -16041
     -32322
     -28310
       7906
      25849
      31262
     -16869
     -27846
     -18794
     -76163
      20411
      85386
     -32127
     -34463
       9976
     -34861
      -3160
     -42797
      14115
      -3867
      -8698
      40908
     -13964
     -47645
      13823
      47249
     -48156
     -39134
      -2778
       2231
     -43885
      28534
      57670
      22152
     -24335
     -69572
      47631
     -16994
     -15216
      31562
      -4766
      30955
       9724
      36159
     -21762
     -29290
     -42574
      77076
      -7005
     -15497
     -28180
      80245
     -78648
     -52090
      15311
      72620
     -37621
      20664
      14809
      50047
     -41713
     -38048
     -17601
      58004
     -26271
      20317
        493
      40049
     -32914
     -67855
     -44481
        177
      65178
     -11907
      77196
      70194
      64903
     -24127
     -20280
      23022
      47539
     -27741
     -16234
       8896
      74670
     -54059
     -11703
      14863
      80644
     -29391
     -51553
      29047
      88436
     -26324
     -47438
      -9725
       6857
      24203
     -26315
     -12361
      62724
      52890
     -18532
     -28513
      11811
      56799
      -6869
      -3243
     -23733
      61868
     -24216
        806
      25482
      41228
     -24425
     -62421
      39755
      38031
     -30229
      13279
        962
      -1936
      -9617
      12606
      72748
      15995
     -31361
      19340
     -93274
      30433
        767
     -11061
      12272
       8017
     -41491
      -8220
     -84711
      14048
     -19890
      -9621
      40388
      52180
      -5973
     -22845
     -25304
      -8689
     -18187
      24618
       -923
      -7749
      13716
      13016
     -24306
      27755
        728
       1604
      35650
      62143
       9644
      32701
       6005
       5916
      26754
     -13135
       3181
     -41319
      30110
       9214
      17712
      40446
      36999
     -49528
     -41162
      20334
      27499
     -39587
     -72172
      33455
      46895
      -9976
     -87640
      31065
      52703
      12309
     -91735
      35744
       -268
     -20156
     -77044
      33535
     -13247
     -12080
     -50518
      34778
      16105
      42779
       8498
     -13852
       1017
      -4279
     -48275
     -43638
       5912
    -100739
      16047
     -35839
       4055
     -57064
       -434
     -48310
      20898
     -42060
      10347
     -38836
       5207
      73994
     -11886
     -40966
      40298
      56297
      26140
      22368
     -35377
       9736
      39291
      35019
     -64579
      40099
      16702
      26754
     -69570
      32669
      -5003
      22645
     -15744
       8420
      27716
      13404
     -41311
      21937
      -5824
      25545
     -21929
      31399
     -14168
      45809
     -24905
      29480
      -9664
     -21216
     -13947
      46237
     -28664
     -55727
        925
      41037
      -9848
      -7749
      15132
      60964
     -56922
     -90481
     -29174
      71835
     -30016
      15320
     -17945
      28330
     -12009
      12408
      25706
     -81238
     -14951
      18373
     -21702
     -57883
     -30322
       -185
     -14367
     -60888
     -20554
      -5176
       7769
     -15072
     -10470
      10407
       2382
     -38983
     -21710
      35744
       3567
     -95763
     -33895
      49494
       1638
      47537
       1298
     -21202
      21011
     -26354
      -1728
      14524
     -11955
     -71879
     -17761
      38644
     -26371
     -45674
       4500
      38195
     -52222
     -10375
       5568
      42649
     -35680
     -48370
     -22992
      10856
     -21120
      19453
     -67474
       7019
      38951
      -5450
       4420
       6585
      31477
     -31209
     -26506
      55802
      59171
     -37397
      27333
      55030
      -4524
      11606
     -15765
      32220
      -2221
      -6134
      -5169
      34012
      13735
     -60457
      64209
      38678
     -21183
     -45803
      11514
      86126
      30581
     -60883
      38669
     -26715
       4682
     -48310
       4402
      47801
      38019
     -51258
      11503
      -4019
      22189
     -56671
      22086
      -3300
       7426
     -49795
      14889
      28661
      23092
      19973
      11547
       8065
     -70866
       5133
      27659
     -26040
      21319
       7368
      23609
       1498
     -36730
      20111
       8997
      -7203
      36215
      -3612
      19904
      -5444
     -14535
      -3618
      19093
      13522
      13036
      85148
      60754
     -16078
     -15170
      21227
      66125
       5807
       7737
     -55897
      54978
      40138
       1650
     -31916
      71849
      13042
       7053
      -1585
      52672
      41141
     -47896
      -5397
      80273
      -6993
     -18563
      -6034
      23828
      50872
      -7607
       7441
      39992
      26100
      16600
       2402
      -4997
      -6306
      15962
     -22843
     -75180
      37769
      31672
     -33282
      55826
      21549
       5113
      11469
      17843
      -4866
      30188
     -16538
     -27808
      74376
      98250
     -20223
      35094
      60435
      47190
     -23102
      41363
       2543
       5824
     -21308
      51142
     -68304
      17820
      18226
      -9470
      46395
      66034
     -22412
     -12779
      17713
      84265
      -4075
      10459
     -12623
        172
      10185
      34308
       5426
      -1060
      -1302
      20489
       -509
      -6394
      -8307
     -14157
       1424
     -48826
      13625
       2714
     -16041
     -32322
     -28310
       7906
      25849
      31262
     -16869
     -27846
     -18794
     -76163
      20411
      85386
     -32127
     -34463
       9976
     -34861
      -3160
     -42797
      14115
      -3867
      -8698
      40908
     -13964
     -47645
      13823
      47249
     -48156
     -39134
      -2778
       2231
     -43885
      28534
      57670
      22152
     -24335
     -69572
      47631
     -16994
     -15216
      31562
      -4766
      30955
       9724
      36159
